de, 0, 0.262231855, 0.35474397, 0.291547965, 0.34069609, 0.44429947
en, 0.262231855,	0, 0.216039425, 0.203556635, 0.282953235, 0.371723005
es, 0.35474397, 0.216039425, 0, 0.19459656, 0.18265176, 0.158769325
fr, 0.291547965, 0.203556635, 0.19459656, 0, 0.21314373, 0.31353329
it, 0.34069609, 0.282953235, 0.18265176,	0.21314373, 0, 0.2594247
pt, 0.44429947, 0.371723005, 0.158769325, 0.31353329, 0.2594247, 0





