de, 0, 0.133418745, 0.20385827, 0.16457057, 0.199776875, 0.279029165
en, 0.133418745,	0, 0.101653975, 0.101275005, 0.146176055, 0.21124715
es, 0.20385827, 0.101653975, 0, 0.09710571, 0.094197415, 0.082786835
fr, 0.16457057, 0.101275005, 0.09710571, 0, 0.1144671, 0.180646245
it, 0.199776875, 0.146176055, 0.094197415, 0.1144671, 0, 0.14454383
pt, 0.279029165, 0.21124715, 0.082786835, 0.180646245, 0.14454383, 0